The normalized matrix:
[[ -66.825   -61.825   -60.825  ...,   40.175    38.175    42.175 ]
 [ -62.7775  -59.7775  -60.7775 ...,   38.2225   40.2225   37.2225]
 [ -66.1375  -64.1375  -63.1375 ...,   38.8625   37.8625   41.8625]
 ..., 
 [  92.12    107.12    110.12   ...,   -0.88      1.12      2.12  ]
 [  97.13    104.13    114.13   ...,    5.13      2.13      1.13  ]
 [  99.75    102.75    116.75   ...,    2.75      1.75      7.75  ]]
eigenvector 1: 
[  7.02432872e-03   3.14967088e-02   1.54004480e-02   1.03440815e-02
   2.14084279e-02   1.89738625e-02   1.46808667e-02   3.81138813e-02
   4.50423251e-02   4.68795546e-02   9.32808650e-02   7.71079505e-02
   9.18429762e-02   8.60901644e-02   9.02640016e-02   9.33342255e-02
   9.53019429e-02   8.34370280e-02   8.27286468e-02   9.31376438e-02
  -3.80784353e-02  -5.16460821e-02  -3.21584426e-02  -5.14059891e-02
  -3.53064758e-02  -3.80172638e-02  -3.38281665e-02  -4.29707523e-02
  -4.19131893e-02  -5.66569182e-02  -4.11168602e-02  -1.28943002e-02
  -2.10858556e-02  -2.64969601e-02  -2.58822091e-02  -2.23831996e-02
  -3.03556952e-02  -3.27207670e-02  -2.43561659e-02  -3.94097033e-02
  -1.55836810e-02  -3.97427098e-02  -7.17391413e-02  -5.28674482e-02
  -6.66630657e-02  -7.58326433e-02  -7.12259773e-02  -6.14527413e-02
  -4.74375886e-02  -3.22843226e-02  -4.46731057e-02  -3.64723117e-02
  -5.42612112e-04  -5.25248079e-02   1.04697335e-02  -6.46610463e-03
  -1.72727263e-02  -1.95165204e-02  -5.10699361e-02  -2.82567269e-02
  -6.71500837e-03  -8.09503635e-03  -2.91862626e-02  -3.42375968e-02
  -4.30942558e-03  -1.85401489e-04  -9.38414629e-03  -1.36618754e-02
  -1.39140904e-02  -1.86236031e-02  -9.25292356e-03  -3.54068780e-02
  -1.12242541e-02  -1.32115770e-02   4.66860193e-03  -3.59763584e-04
  -6.48623586e-03  -1.01227883e-02   3.94281381e-03   2.90201024e-05
  -6.80056672e-02  -5.14227189e-02  -4.31212598e-02  -3.67815553e-02
  -5.67934501e-02  -5.54992889e-02  -5.62935620e-02  -3.55872564e-02
  -3.66708796e-02  -3.30324826e-02  -6.53545340e-02  -6.68588256e-02
  -7.41786380e-02  -7.40427646e-02  -6.17304733e-02  -6.86136446e-02
  -8.25490575e-02  -7.09578206e-02  -3.01729293e-02  -5.19839561e-02
   4.95002191e-02   4.58643017e-02   4.77998969e-02   5.18280073e-02
   6.10696244e-02   6.73334869e-02   7.16136406e-02   6.33393142e-02
   5.46654111e-02   5.27688778e-02   1.97761318e-02   3.89014918e-02
   2.13783718e-02  -2.20054986e-02  -2.83329338e-02  -1.15678538e-02
   1.21502929e-02   3.14919649e-02   2.58297469e-02   2.78398275e-02
  -4.43266296e-02  -4.87940191e-02  -3.31084849e-02  -4.31383365e-02
  -5.90915392e-02  -3.91544707e-02  -4.81811966e-02  -5.29301209e-02
  -4.08573659e-02  -6.58789349e-02   6.90441301e-02   6.17999635e-02
   5.95704137e-02   4.35506845e-02   7.70111062e-02   7.05946101e-02
   6.62194424e-02   6.48608559e-02   5.58149236e-02   4.61442804e-03
   2.46916013e-02   3.46858845e-02  -2.59306969e-02  -2.18674938e-02
   2.97833251e-02   2.14829089e-02   7.20027451e-03   1.36357521e-02
   6.08096401e-04   4.16386429e-02  -2.99906410e-02  -1.96776466e-02
  -1.12262028e-01  -1.04808348e-01  -1.30081355e-02  -2.39592759e-02
  -3.49803576e-02  -3.47437559e-02  -3.81652325e-02  -2.21996963e-03
   6.45649133e-02   4.81503445e-02   7.30793701e-02   5.67371140e-02
   8.84184045e-02   8.80137318e-02   8.87760595e-02   7.16032399e-02
   9.81760411e-02   7.72022248e-02   3.87324682e-02   6.16341922e-02
   5.81340136e-02   2.25505055e-02   7.94180411e-02   8.32422654e-02
   7.48181003e-02   6.30308782e-02   4.35536618e-02   8.21174580e-02
   1.40123015e-02  -3.62519743e-03  -6.46034759e-02  -5.84227852e-02
  -5.80854599e-02  -6.92189267e-02  -6.81526537e-02  -5.64505064e-03
  -2.01434908e-02  -4.07793429e-02  -7.42461405e-02  -7.14650887e-02
  -7.00691251e-02  -6.39803809e-02  -6.83483077e-02  -6.34731602e-02
  -6.68395415e-02  -6.81108985e-02  -6.42576909e-02  -5.93675846e-02
   5.50556862e-03  -2.77734150e-02  -6.41555780e-03  -3.28071829e-02
  -6.44267000e-04  -3.92420102e-04  -1.63576456e-02  -2.41624052e-02
  -1.87781523e-02  -1.59544752e-02  -7.07181912e-02  -7.51885850e-02
  -9.64207756e-02  -1.08480831e-01  -8.00730079e-02  -8.87250827e-02
  -3.38281665e-02  -8.32262877e-02  -8.12747238e-02  -7.79699105e-02
   4.80335253e-03   6.03510588e-03   6.62114288e-03   3.55688067e-03
   2.52779401e-02   2.64374973e-02   2.23538932e-02   4.95005876e-03
   1.01873961e-03   4.18648244e-03   8.14682149e-02   8.52670527e-02
   8.81329396e-02   8.21931687e-02   7.02868956e-02   7.91963003e-02
   9.55453597e-02   7.47927953e-02   8.59901553e-02   7.91344673e-02
   9.62576050e-02   6.82611752e-02   8.48370510e-02   9.04037823e-02
   6.74696152e-02   8.12176517e-02   7.89241637e-02   8.13768412e-02
   7.87465497e-02   6.77714180e-02  -5.15113826e-02  -3.94453249e-02
  -4.54222358e-02  -2.98017301e-02  -5.36866893e-02  -4.14839257e-02
  -5.71376784e-02  -2.75710160e-02  -6.22468266e-02  -6.35161723e-02
   2.10729165e-02   1.58631409e-02   1.11024340e-02   6.22413538e-03
   2.28529428e-02   2.58778487e-02   1.70370622e-02   2.84795423e-02
   1.91938478e-02  -5.70917242e-03   2.57350145e-02   2.70252883e-02
   2.55918972e-02   3.42993658e-02   3.89152932e-02   3.12822165e-02
   3.19244350e-02   2.20763150e-02   3.75166924e-02   1.89672069e-02
   1.54264082e-02  -6.32085604e-03   3.65167871e-02  -1.66191312e-02
  -1.92904947e-02   4.31263964e-02   3.58981523e-02   3.33677349e-02
   1.47624722e-02  -1.43464801e-02   7.23871067e-02   2.84853841e-02
  -2.53806453e-03  -1.14322587e-02   6.28094220e-02   2.49122747e-02
  -2.85925725e-03   4.76034672e-02   6.00435953e-02  -1.44577581e-03
   4.64564153e-02   5.57209432e-02   3.13866566e-02   5.20708831e-02
   4.89191097e-02   5.06472345e-02   4.53797039e-02   5.04772285e-02
   3.22883260e-02   5.41861762e-02   6.72468832e-02   7.32938112e-02
   5.03092174e-02   3.63232182e-02   5.56216753e-02   4.51248944e-02
   5.82233009e-02   5.92042003e-02   5.50628672e-02   4.50345963e-02
  -3.02483989e-02  -2.78630630e-02  -3.31769157e-02  -3.97092352e-02
  -1.31868821e-02  -2.30500705e-02  -2.47880839e-02  -4.10916846e-02
  -3.05296334e-02  -2.31918323e-02  -8.49350274e-02  -7.64232468e-02
  -7.56722792e-02  -7.71917828e-02  -7.54641568e-02  -7.55783701e-02
  -8.25961983e-02  -8.34087308e-02  -7.26437834e-02  -7.50618991e-02
  -3.38766323e-02  -3.20580403e-02  -5.24984039e-02  -4.78267567e-02
  -5.72313639e-02  -5.17049899e-02  -5.49415299e-02  -2.94458363e-02
  -3.76730643e-04  -1.03660620e-02  -3.40700981e-02  -1.98171026e-02
  -1.87840117e-02  -3.59740853e-02  -2.34673098e-02  -3.08353402e-02
  -2.92164406e-02  -2.54511828e-02  -4.17884809e-02  -1.63461226e-02
   6.18447642e-03  -1.16849117e-02   7.77360261e-03   1.41587909e-02
  -3.49881402e-03   1.39105776e-02   4.85901964e-04   1.52523825e-02
   5.00609607e-03   1.55275530e-02  -3.59745684e-02  -5.74767922e-02
  -3.43856034e-02  -3.29529366e-02  -6.83466677e-02  -4.21021990e-02
  -4.50132444e-02  -5.73977286e-02  -3.88121962e-02  -3.97662825e-02
   1.38121786e-02   3.73689239e-02   1.74977345e-02   2.48873138e-02
   2.87754165e-02   3.07930332e-02   4.49939543e-02   4.90249686e-02
   4.80776185e-02   4.37694631e-02   4.76177042e-02   4.71956428e-02
   5.05876674e-02   5.77332113e-02   3.77241476e-02   3.72753839e-02
   5.66237865e-02   4.49441746e-02   3.78287506e-02   2.98982578e-02]
eigenvector 2: 
[ -1.28381518e-01  -1.06887975e-01  -1.12188190e-01  -1.26821766e-01
  -1.07371322e-01  -1.01753569e-01  -9.90635390e-02  -1.03172193e-01
  -9.62524919e-02  -9.62735320e-02  -1.39993582e-02  -4.67379180e-03
  -4.60149110e-02  -1.23354185e-02  -3.76750343e-02  -4.59995940e-02
  -4.10229621e-02  -1.53980395e-02  -9.17302000e-03  -4.71846956e-02
   3.20626119e-03   5.61262979e-02   3.93708804e-03   6.35234371e-02
   1.10859493e-02   1.60079485e-02   2.93231196e-02   5.90420797e-02
   6.44610763e-02   6.01122808e-02  -3.27609068e-02  -2.32538766e-02
  -2.83523276e-02  -1.83082610e-02  -2.49169572e-02  -2.24610467e-02
  -2.71571306e-02  -3.01348208e-02  -4.72425899e-02  -2.56176094e-02
   4.90379749e-03  -3.90023352e-03  -1.00926342e-02  -4.67848937e-03
   8.42775209e-03  -2.24252648e-02  -2.37661006e-02  -1.36311993e-02
  -6.06068596e-03  -1.32640012e-02  -7.20044562e-03   1.70315061e-02
  -9.67334554e-03   7.66654578e-03   1.78779043e-02   9.06019497e-03
  -3.41532647e-02   3.11653226e-02  -9.37377473e-03   3.07881153e-02
   4.03946440e-02   4.92426002e-02  -8.43178554e-03  -1.95343711e-02
   1.50343077e-02   2.25060475e-02   2.17254610e-02   3.85067721e-02
   4.60118900e-02   3.50386031e-02   4.25890669e-02   2.55703843e-02
   4.78676583e-02   4.68417102e-02   2.19206538e-02   1.13466367e-02
   4.67339480e-03   8.72275460e-03   2.06894784e-02   5.05641050e-02
  -4.63148872e-03   1.39813679e-02  -3.72587840e-03  -1.32438508e-02
  -1.50420162e-02   9.08060701e-03   1.59535225e-03   2.58559505e-02
   2.08208712e-02   2.54043411e-02  -5.23803747e-02  -6.99083099e-02
  -4.31292913e-02  -4.29218106e-02  -5.18767601e-02  -5.61160731e-02
  -5.93707061e-02  -4.83268107e-02  -2.04985202e-02  -5.66997426e-02
   2.79906624e-02   1.30044637e-02   1.62739864e-02   2.47762761e-02
  -2.30416526e-03  -1.44187079e-02  -1.71098805e-02   6.61522620e-03
   5.84681094e-03   1.52242370e-02   5.84340784e-02   5.54880922e-02
   2.94028247e-02   1.55444154e-02   3.86711085e-03   3.19917080e-02
   2.58723898e-02   6.36284135e-02   6.02704337e-02   5.81297933e-02
  -6.11891781e-02  -5.16923717e-02  -6.51037787e-02  -6.54804253e-02
  -5.50524520e-02  -5.57822421e-02  -5.45830097e-02  -3.14702119e-02
  -3.80517121e-02  -5.94210269e-02   8.40695717e-02   1.01382567e-01
   5.08349843e-02   7.81244260e-02   3.44195387e-02   4.79673513e-02
   5.41718473e-02   7.46961281e-02   4.65615650e-02   6.79788649e-02
  -2.81792810e-02  -2.16431766e-02  -5.87529419e-02  -5.33613794e-02
  -2.66064119e-02  -3.85581291e-02  -3.70834858e-02  -3.12395296e-02
  -4.63389788e-02  -2.59393593e-02   1.97715684e-02  -3.88289366e-02
  -1.71304249e-02  -1.50504739e-02  -6.23443495e-02   1.04067148e-02
   8.69361231e-03  -5.75726042e-03  -3.99231899e-03   2.62963278e-02
   1.35755348e-02   6.47977876e-03   1.17871652e-02   6.67977252e-03
  -2.86426616e-02  -2.36617317e-02  -3.82881250e-02   8.68559716e-03
  -5.47136713e-02  -4.00387954e-02   5.26355751e-02   5.51291472e-03
   7.11794450e-03   3.56477310e-02   1.13902679e-02   1.31950561e-02
   1.66658758e-03   6.05311467e-02   6.92115453e-02   3.82989981e-03
  -9.68069698e-03  -1.55254867e-02  -4.86448219e-02  -4.66554571e-02
  -5.48541526e-02  -5.18529389e-02  -4.94734841e-02  -1.98556170e-02
  -2.98140679e-02  -5.59281680e-02   4.63830414e-02   4.87313994e-02
   2.68726865e-02   4.18668092e-02   5.56921036e-02   4.27088764e-02
   3.47936634e-02   3.82005146e-02   6.15803958e-02   6.86253434e-02
   1.97780440e-02   3.73445763e-02   1.56555361e-02   2.90774265e-02
   1.67712348e-02   6.03117383e-04   5.09156420e-02   4.74628548e-02
   3.07465883e-02   5.39683065e-02   2.58169186e-02   3.93001103e-02
   4.05354597e-02   2.82889364e-02   1.30700548e-02   2.67873072e-02
   2.93231196e-02   1.45650995e-02   4.16436064e-02   3.29159061e-02
   1.24126500e-01   1.24030144e-01   1.13594482e-01   1.24084040e-01
   7.87644523e-02   7.18865072e-02   8.04874694e-02   1.25720628e-01
   1.17444383e-01   1.21673928e-01  -4.07803421e-02  -9.10646258e-02
  -1.03000894e-01  -6.92453226e-02  -9.02399200e-02  -9.32024876e-02
  -9.58843922e-02  -3.97474085e-02  -6.30605876e-02  -7.17402346e-02
   6.98147292e-04   2.37705625e-02  -1.66173150e-02  -2.22893766e-02
   1.23765210e-02  -4.12480719e-03   1.68608842e-02  -1.24043977e-02
   3.09513236e-02   8.60705637e-03  -3.12263782e-02  -9.48703439e-02
  -9.86968041e-02  -9.79728141e-02  -2.47632999e-02  -9.75289799e-02
  -2.99953456e-02  -8.62058364e-02  -2.37193780e-02  -2.82722131e-02
   5.05944488e-02   3.04819512e-02   5.21212705e-02   5.44728905e-02
   4.38024001e-02   9.18609988e-03   4.98200477e-02   4.43609720e-02
   4.32921420e-02   4.29835803e-02   3.71001742e-02   4.06620254e-02
   4.41892399e-02   5.33994618e-02   2.93912413e-02   3.14164807e-02
   2.47773935e-02   5.54316651e-02   5.86429388e-02   5.10637310e-02
   2.50974612e-02   1.15042860e-02   3.76790411e-02   6.18339943e-02
   7.30939336e-02   3.55227945e-02   3.62264444e-02   2.77353256e-02
   3.78866385e-02   9.60911226e-03   7.09905673e-03  -2.25519753e-02
  -6.95278713e-02  -6.86869538e-02   1.25688965e-02  -4.87840575e-02
  -6.75648724e-02  -3.13128374e-03   1.49879303e-02  -6.59959933e-02
   3.35449740e-02   5.25136129e-02   4.49771134e-02   3.17973373e-02
   4.68260975e-02   3.95474481e-02   1.67069308e-02   6.08956227e-02
   4.08720348e-02   3.51197809e-02  -7.43798392e-02  -8.51108984e-02
  -8.93529439e-02  -9.60064280e-02  -8.95734048e-02  -9.80930576e-02
  -7.70430430e-02  -9.10115044e-02  -9.77717434e-02  -1.07962869e-01
   2.90224240e-02   1.58926636e-02  -1.97038563e-02  -2.39323624e-02
   3.88715904e-02   2.17839292e-02   4.16189128e-02   4.16745683e-03
   1.37214696e-03   3.64667158e-02   1.63714809e-02   1.48591065e-02
  -9.95887225e-03   1.08096671e-02  -1.50137607e-02  -1.95897590e-02
  -6.19486054e-03   1.39947747e-02   2.31315181e-02   1.15855371e-02
  -9.81956024e-02  -8.42857531e-02  -1.04276616e-01  -1.17528936e-01
  -1.06431963e-01  -1.02657268e-01  -1.02702170e-01  -9.23631764e-02
  -7.53154042e-02  -9.54309920e-02   4.43297168e-02   3.64722711e-02
  -1.17293940e-05   5.50435628e-02   3.31851148e-02   5.45253819e-02
   6.34277287e-02   3.36604224e-02   4.47188788e-02   1.72776528e-02
  -4.10886394e-03  -3.46731614e-02  -2.64982143e-02   9.76203604e-04
  -2.91941800e-02   1.15911900e-02  -3.13980009e-02  -2.90418634e-02
  -1.29109011e-02   5.68591571e-03   1.44309637e-02   3.85031912e-02
   3.10404420e-03   2.02417858e-02   4.16226644e-02   1.20262512e-02
   8.42667512e-04   4.43336348e-02   5.20686618e-02   5.08083802e-02
  -9.04215691e-03  -6.28285269e-03  -1.33857573e-02  -3.92442104e-02
  -1.16625355e-03  -2.85280682e-03  -6.66484468e-04   8.90910503e-04
  -5.50860951e-03  -1.48012622e-02   3.51266454e-02   3.52036070e-02
   2.92457838e-02   3.87301524e-02   6.98365429e-02   7.63255689e-02
   3.99167286e-02   7.38616377e-02   5.80948165e-02   6.21638832e-02]
eigenvector 3: 
[  8.05383270e-02   7.54372506e-03   4.23477536e-02   6.94387970e-02
   3.09693462e-02   2.69805357e-02   2.71535160e-02  -5.15732927e-03
  -1.71501475e-02  -1.50406045e-02   6.65850992e-03   1.22698536e-02
   4.70797840e-02  -3.48358630e-03   3.97312358e-02   4.02094559e-02
   4.37684616e-02  -4.36102779e-04   7.86773815e-04   4.08170372e-02
   9.29545875e-02   5.88617645e-02   9.79229486e-02   5.51125079e-02
   9.60068985e-02   7.85740882e-02   7.52733798e-02   4.61388661e-02
   5.03718274e-02   3.51022546e-02  -3.28799443e-02  -7.21037303e-02
  -7.35407655e-02  -6.48310525e-02  -6.48100075e-02  -7.64587320e-02
  -6.28245581e-02  -5.49663423e-02  -4.65086453e-02  -4.30522543e-02
  -4.56055290e-02  -5.85570984e-02  -1.99685980e-02  -3.62575928e-02
  -2.77377855e-02  -1.29440188e-02  -4.31427182e-03  -3.82730080e-02
  -5.44309183e-02  -6.08184901e-02   8.56262032e-03   5.91053188e-03
   6.97843670e-02   3.42615689e-02   1.00607092e-01   6.56207444e-02
   5.56729048e-02   2.23583431e-02   5.18360303e-02   3.97689959e-02
   5.15024727e-03  -1.15360896e-02   3.17889907e-02   4.81866606e-02
   2.17620359e-02   2.69147121e-02   1.55527336e-02  -1.08131705e-03
  -1.49216139e-02  -1.36796697e-02  -2.05919162e-02  -2.15710135e-02
  -2.50733313e-02  -2.98491588e-02   8.41157455e-03  -1.10684504e-02
   7.74586338e-03  -3.70209097e-03  -6.92218673e-03  -1.86164081e-02
   2.73885183e-02   3.38369108e-02   7.11062815e-02   7.28684375e-02
   4.86912793e-02   6.42914511e-02   3.79138024e-02   5.30554431e-02
   4.99553129e-02   5.46150059e-02  -5.20475473e-02  -1.99093049e-02
  -6.71879929e-02  -7.18565139e-02  -5.79765323e-02  -4.26411182e-02
  -3.20792361e-02  -5.40715174e-02  -9.64005886e-02  -4.80236242e-02
   1.60368196e-02   2.89381734e-02   2.91294147e-02   2.64632971e-02
   3.18026661e-02   4.38943335e-02   5.79911551e-02   3.73815495e-02
   3.64280070e-02   3.61316442e-02  -6.92694228e-02  -6.81051410e-02
  -4.22955360e-02  -6.43984724e-02  -5.78093495e-02  -5.93002305e-02
  -4.52396078e-02  -7.64103294e-02  -6.61557509e-02  -6.57443201e-02
  -3.05094805e-02   6.31905472e-02  -8.02378591e-03  -3.08741289e-02
   6.22858634e-02  -4.11731573e-02   6.66732641e-02   4.22320811e-02
  -2.59122219e-02   6.02584033e-02  -4.50804609e-02  -4.82985738e-02
  -2.90168728e-02  -7.37167430e-02   3.13136167e-03  -2.97750364e-02
  -3.89465524e-02  -6.21419864e-02  -4.02152018e-02  -7.60992502e-02
  -8.97784806e-02  -6.72311404e-02  -6.97581926e-02  -6.95669851e-02
  -8.24794285e-02  -5.72036233e-02  -7.99359998e-02  -8.73883744e-02
  -7.86564629e-02  -6.97548077e-02  -7.51665838e-02  -7.55302898e-02
  -3.46225451e-02  -3.94535587e-02  -8.13941090e-02  -8.39683219e-02
  -6.82383170e-02  -3.90953288e-02  -5.39842395e-02  -8.03355197e-02
   1.47666162e-02   6.95372370e-03   1.69987908e-02   1.62416832e-02
   4.49078885e-02   4.98013037e-02   4.44679848e-02   2.95963226e-02
   5.40341422e-02   2.37471049e-02  -3.68249871e-02  -1.42505880e-02
  -2.34342520e-02  -5.76583840e-02  -5.75478081e-03  -9.88566326e-04
  -1.84766965e-02  -1.55884145e-02  -2.81590630e-02  -8.00216775e-04
  -7.38063375e-02  -9.15006723e-02  -6.53296634e-02  -6.99813477e-02
  -5.88944947e-02  -5.75364836e-02  -6.52672753e-02  -9.10973262e-02
  -8.77175537e-02  -6.91102947e-02   2.02581474e-02   2.53973213e-02
   4.45761833e-02   4.75823417e-02   2.12319396e-02   4.45720640e-02
   6.34876974e-02   5.46249185e-02   2.10876014e-02   3.38705500e-02
  -4.02674128e-02  -1.01047972e-01  -4.71282380e-02  -8.59905359e-02
  -4.97892318e-02  -4.82170384e-02  -9.01781496e-02  -8.71160304e-02
  -7.78576551e-02  -9.30522210e-02  -5.39665690e-02  -2.19139716e-05
   7.86651313e-03  -7.77645262e-03  -4.74960735e-02   2.33880153e-02
   7.52733798e-02  -5.39140624e-02  -2.25477130e-02  -4.69369104e-02
   5.85141067e-02   5.02636949e-02   5.08161861e-02   4.68958925e-02
   7.01296320e-02   7.82313782e-02   6.39906038e-02   5.19400894e-02
   7.10841303e-02   5.20657811e-02   5.23063968e-02   5.08963692e-02
   3.33406631e-02   4.46988858e-02   4.27105956e-02   4.02580809e-02
   4.38217886e-02   5.13954170e-02   6.56948742e-02   3.23059869e-02
   2.03393734e-02  -7.62231017e-03   1.43457714e-02   3.80628956e-02
  -3.45705357e-03   1.13214370e-02   1.43564831e-02   9.45002182e-03
  -2.32142332e-03  -1.68729742e-03   6.87237068e-02   1.50573835e-02
   2.68393488e-02   1.41805382e-02   7.25118377e-02   1.97460969e-02
   7.95561347e-02   5.65369392e-03   6.18811005e-02   5.25600076e-02
  -5.89648110e-02  -5.69741627e-02  -2.26258035e-02  -4.06596404e-02
  -5.43976152e-02  -5.28311844e-02  -6.12141903e-02  -4.79096758e-02
  -6.40137822e-02  -4.06275469e-02   4.56274031e-02   2.84755182e-02
   1.10876498e-02   1.96444837e-02   2.48304015e-02   2.90106330e-02
   2.20725492e-02   2.18342214e-02   1.78849479e-02   1.68247452e-02
  -7.54983587e-02  -8.37993952e-02  -6.74175433e-02  -5.21140928e-02
  -5.90109286e-02  -5.62464369e-02  -6.81565277e-02  -6.66308522e-02
  -7.95415506e-02  -8.67769685e-02   4.07098436e-02   1.77340828e-02
   1.63798701e-02   2.77108027e-02   3.77520227e-02  -7.88285004e-03
   6.98037146e-03   2.79086142e-02   2.71886448e-02   9.61214716e-03
   1.12496997e-02   3.07169493e-02  -1.45020419e-02   1.59005631e-02
   2.04505753e-02   1.62077190e-02   2.69781552e-02   5.84512366e-03
   8.95634389e-03   2.27913166e-02  -3.61958044e-03   8.65364461e-03
   3.58900545e-03   4.25806031e-03  -2.39060834e-03   1.32479150e-02
  -2.58976320e-03   3.01930646e-03   2.21819816e-03   2.22950962e-02
   3.04888973e-02   4.51988938e-02   7.85002293e-02   8.18794351e-02
   4.45796938e-02   3.83929980e-02   2.97036653e-02   5.14442958e-02
   4.81271117e-02   2.77573600e-02   5.48680921e-02   5.42978970e-02
   8.11357125e-02   5.10345019e-02   8.01966308e-02   9.07005469e-02
   7.91743651e-02   5.18491013e-02   3.82970610e-02   5.18505007e-02
  -7.58719232e-03  -3.56401340e-02   3.42864396e-02   5.93208124e-02
   3.52980432e-02   3.02529931e-02   3.14087571e-02  -1.33938454e-02
  -4.03737317e-02  -8.74698615e-03   4.96553502e-02   7.51782918e-02
   1.02796158e-01   4.25252049e-02   7.61766230e-02   3.86431174e-02
   4.76531941e-02   7.29487155e-02   3.71249599e-02   9.91649483e-02
   5.07150294e-02  -4.88598818e-02  -5.65243956e-02   4.80950016e-02
  -5.50525139e-02   5.33598498e-02  -6.10556673e-02  -5.05081504e-02
   4.20646983e-02   5.72158600e-02   3.61622499e-02  -7.21967067e-03
   3.75991542e-02   2.67481204e-02  -2.77697557e-02   2.93906166e-02
   4.22465955e-02  -1.83081950e-02  -9.26445560e-03  -8.19556539e-03
  -8.55632822e-02  -7.65236367e-02  -7.53418287e-02  -6.96505336e-02
  -8.97888333e-02  -8.62851749e-02  -5.88973244e-02  -6.69853609e-02
  -7.24668174e-02  -6.83460471e-02   2.89909848e-02   5.45249569e-02
   6.15996093e-02   4.15688222e-02   7.50309827e-03  -7.36719581e-03
   4.39675017e-02   2.12820369e-03   1.74147951e-02  -4.03625729e-03]
eigenvector 4: 
[  9.63844236e-02   6.46251842e-02   8.96254747e-02   1.00346135e-01
   7.76619759e-02   7.86870842e-02   7.98653489e-02   4.94497273e-02
   4.80386658e-02   4.68879829e-02   7.15582364e-02   8.07216678e-02
   2.35240942e-02   8.62336143e-02   5.78133211e-02   2.78246406e-02
   4.63061628e-02   3.60481147e-02   8.12994651e-02   3.17887681e-02
  -4.15262855e-02   4.40678404e-03  -4.57635245e-02   1.32652063e-02
  -4.57396219e-02  -4.79653102e-02  -3.05844443e-02   1.70134299e-02
   1.56498363e-02   1.06638742e-02   2.65203070e-02  -1.26809392e-02
   1.01671323e-03   2.20611189e-02   3.39003462e-02  -2.02719034e-03
   8.94549621e-03   1.59963710e-02  -2.47715653e-02   1.76031481e-02
   3.57743748e-02  -1.12663805e-02   3.19406380e-02   1.36259733e-02
   3.24750983e-02   1.64771450e-02   1.02374488e-02  -3.97663327e-04
   5.76582665e-03  -1.02284059e-02  -1.70317835e-03  -1.34650024e-02
  -2.94618126e-02   4.62838926e-02   4.18493676e-03  -1.60671424e-02
   2.21946308e-02  -1.56275862e-02   6.45327971e-02   4.57823567e-02
  -7.66027278e-02  -4.99535782e-02  -6.65457101e-02  -6.77106519e-02
  -2.89055968e-02   9.77544651e-03   8.40915797e-03  -5.88182344e-02
  -3.89760487e-03   8.25411435e-03  -1.61207235e-02  -2.03998014e-02
  -4.65020834e-03   2.62693297e-02  -6.09584182e-02  -1.65549874e-02
  -6.22536743e-02  -4.85740686e-02  -2.17175473e-02   3.08862153e-02
  -4.11096741e-02  -2.88186262e-02   3.96803536e-04   1.27788472e-02
  -4.85998935e-02  -5.65378954e-02  -4.44689994e-02   2.15934188e-02
  -2.24440570e-02   2.57763431e-02  -1.70201027e-02  -9.00338635e-03
   1.32996242e-02   7.90540682e-03  -8.26098025e-04   6.47921788e-03
   2.73384447e-02   7.16401555e-03  -2.84382901e-02  -4.14538607e-02
   2.27772126e-02   4.95267114e-02   3.02022599e-02   3.59243911e-02
   2.46235490e-02  -5.55552836e-03   2.82085101e-04   3.72058774e-02
   4.08858241e-02   2.57354888e-02   7.07268480e-02   4.19090934e-02
  -3.98940454e-02   5.96341833e-02   5.10814596e-02   6.28793753e-02
  -3.62477084e-02   5.19193663e-02   6.00667674e-02   6.39341887e-02
   4.36891595e-04  -3.66810450e-02  -7.24275893e-03   6.29947490e-03
  -3.16766216e-02   1.17364851e-02  -5.30967902e-02   3.15060541e-02
   1.66263909e-02  -4.99726351e-02   1.17804768e-03  -1.23187121e-02
  -3.26178508e-02  -8.35068496e-02  -1.05069189e-01  -8.96678075e-02
  -4.27326682e-02  -6.67770627e-02  -1.01221616e-01  -8.41769168e-02
  -7.86229278e-02  -1.23881091e-01  -5.81859367e-02  -4.74094488e-02
  -9.63660137e-02  -1.15425097e-01  -1.02572723e-01  -4.10713228e-02
  -8.54945754e-02  -1.00292965e-01   5.62485265e-02   8.44948752e-02
   7.72402123e-02   7.95196981e-02   5.46227882e-02   3.75120608e-02
   2.71110196e-02  -2.64337113e-03   3.42898715e-02   5.23738133e-04
   7.30307838e-03  -5.12623949e-03   2.48816649e-02  -1.19173761e-03
   1.99040807e-03   1.48163832e-02   8.85296760e-05  -1.29787321e-02
  -5.99263488e-03   4.09253503e-03   3.53864423e-02   3.35574387e-02
   2.36176740e-02   4.89268636e-02   1.40210263e-02   1.54646969e-02
   3.07807487e-03   3.57790336e-02   4.74493974e-02   2.05640189e-02
  -1.01371032e-01  -7.82804864e-02  -2.40914857e-02  -3.18388662e-02
  -3.88618699e-02   2.31020516e-03  -1.18561964e-02  -8.79840493e-02
  -7.55132943e-02  -7.38702746e-02   2.68129975e-02  -5.41940625e-04
   5.35416249e-02   2.15709377e-02   6.65140695e-02   5.68193669e-02
  -1.32720317e-02  -3.55181808e-03   3.05811444e-02  -3.33806974e-03
  -1.45384139e-01  -9.67221164e-02  -1.31392760e-01  -1.05144215e-01
  -1.20361069e-01  -1.34639980e-01  -9.75290590e-02  -8.93419940e-02
  -1.14002934e-01  -8.56562612e-02   5.15166597e-02   9.01186429e-02
   1.44524835e-01   1.12660549e-01  -3.02239954e-03   6.12669689e-02
  -3.05844443e-02   1.03950127e-01   1.33584032e-01   8.25904172e-02
   6.22799194e-02   6.56722818e-02   6.98754928e-02   4.98011766e-02
   2.78361878e-02   2.98000234e-02   2.03943538e-02   9.10893059e-02
   5.43522873e-02   7.00537097e-02  -3.85559539e-03   9.06483937e-03
  -1.99271314e-02  -2.61894826e-02  -7.85341411e-03   8.35590692e-03
  -1.41108231e-02   1.24230404e-02  -1.97476053e-02  -4.10778616e-03
   1.16855581e-02  -4.50199869e-03  -9.46244947e-03  -1.67419602e-02
  -1.00561325e-02  -9.45516998e-03  -2.01180943e-02   6.01580795e-03
   2.44144600e-02  -2.40531127e-02   1.46068239e-02   1.49113422e-02
   4.38597816e-03  -7.78794854e-03   1.11851820e-03   3.39122987e-03
   3.99491041e-03  -8.97639776e-03  -6.73585797e-03  -1.10280043e-02
   2.65248239e-02   9.30397381e-03   7.93013262e-02   8.71902042e-02
   4.89260073e-02   3.01614301e-02   3.98205910e-02   9.98675733e-03
   3.62851650e-02   6.55952900e-02  -7.15267225e-02  -5.86545004e-02
  -2.40747457e-02   2.67434546e-02  -2.06549954e-02  -4.53140141e-02
  -1.62142869e-02  -5.08273974e-02  -2.24326830e-02   2.38948515e-02
   3.50212141e-02   4.08500622e-02   8.42064564e-02   5.53593123e-02
   7.78124240e-02   1.65702437e-02   5.52540260e-02   3.86636973e-02
   1.80231198e-02   1.67213192e-02   3.13948006e-03  -1.70023677e-03
   7.88139974e-02   8.51691888e-02  -1.92220088e-03   5.36686012e-02
   7.71740168e-02  -2.58786529e-03  -4.20494788e-03   7.23841555e-02
  -7.01590871e-02  -7.66867196e-02  -5.17736157e-02  -7.22862995e-02
  -8.62058845e-02  -6.45497162e-02  -1.01413868e-01  -4.00277105e-02
  -9.18029876e-02  -5.52034677e-02  -4.51925624e-03  -1.93727218e-02
   2.18637571e-03   1.06592544e-02  -7.75860818e-03  -5.56136303e-03
  -8.33139827e-03  -1.32039306e-02  -1.01378103e-02  -4.72691561e-03
  -4.10121886e-02  -3.87450593e-02  -4.79574995e-02  -4.07512687e-02
  -3.65503750e-02  -1.52571209e-02  -2.53357191e-02  -3.91549463e-02
  -4.80207259e-02  -2.61230579e-02   4.45934052e-03   2.57840421e-02
   5.52776923e-04   4.79706857e-04  -2.01136208e-02  -2.18512449e-02
  -3.72228532e-03  -3.32738541e-04   1.73006394e-02  -4.05733960e-03
  -6.36677842e-02  -3.87653691e-02  -2.32435304e-02  -1.63632569e-02
  -6.62069549e-03   8.98060738e-04   2.51780463e-03  -7.30260967e-02
  -7.53939885e-02  -3.99269410e-02  -3.23339556e-02  -2.48842284e-02
  -6.88846738e-02  -2.49551889e-02   1.88415049e-02   2.94544809e-02
   5.43023298e-02  -1.15914064e-02   6.53416435e-03  -5.55236396e-02
  -2.50103020e-02   3.30923145e-02   3.18499339e-02  -1.25747506e-02
   3.99519824e-02  -2.91315811e-03   2.92295875e-02   3.26519464e-02
  -6.49744100e-03  -1.11371820e-02  -4.63850362e-02   5.37919840e-03
  -7.74199884e-02  -4.08934125e-02  -2.54183618e-02  -4.47001347e-02
  -5.40400480e-02  -4.58981162e-02  -5.94479817e-02  -4.42622769e-02
   6.29857907e-02   6.22652226e-02   1.18174943e-01  -7.09632014e-03
   5.03161826e-02   6.28396427e-02   9.76649923e-02   5.49186174e-02
   1.18623726e-01   9.71630198e-02  -6.81254523e-03  -2.09051281e-02
  -1.64880791e-02   3.20913356e-02  -5.64619431e-02   2.84277747e-02
   2.33176209e-02   3.80364599e-02  -6.03017607e-02  -5.35152882e-02]
eigenvector 5: 
[-0.01888873 -0.0529372  -0.03058794 -0.02579175 -0.06124865 -0.06501739
 -0.06232165 -0.05184789 -0.04511002 -0.04553786 -0.01135792 -0.00092117
 -0.05518671  0.01192673 -0.01225872 -0.05105797 -0.03477967 -0.0586593
  0.01565895 -0.05398175 -0.06570504 -0.0456171  -0.07159413 -0.04841354
 -0.07605777 -0.05270837 -0.04561505 -0.03329257 -0.02351786 -0.03576383
 -0.01012054 -0.05758744 -0.03276201 -0.04586326 -0.0099944  -0.03523369
 -0.01324658 -0.01512798 -0.05321077 -0.03566686 -0.00849084 -0.05024762
 -0.1297129  -0.08957297 -0.07781571 -0.10700349 -0.1033136  -0.07323002
 -0.04663572 -0.04215486 -0.02116995 -0.0106662  -0.02697782  0.00393317
 -0.04509455 -0.02642533 -0.01743834 -0.00834866 -0.00063544  0.01507431
  0.02331378  0.02402346  0.01196964 -0.01113446  0.05984864  0.07435474
  0.08728101  0.03974998  0.08743956  0.09599794  0.04770059 -0.0132459
  0.05222801  0.05379426  0.00405369  0.04238763 -0.00189449  0.00288976
  0.03810403  0.04540193  0.02914129  0.06491114  0.09100625  0.10056479
  0.04683827  0.0052918   0.04146076  0.10288148  0.08286858  0.10481034
 -0.07841775 -0.03568781 -0.07875552 -0.06963672 -0.04778992 -0.05337913
 -0.06591261 -0.03644128  0.03400792 -0.03777722  0.02412851  0.06384579
  0.05164813  0.04922127  0.03101353  0.00871299  0.01383305  0.03390556
  0.04820715  0.04025566 -0.00462454 -0.00905147  0.01124443  0.07783853
  0.06583735  0.06402294  0.01789387  0.00663715 -0.02250966 -0.02436172
  0.01116372  0.09624744 -0.00489244  0.02000529  0.08580494  0.02861425
  0.08231571  0.13986194  0.03819247  0.04004582  0.0405697   0.00999228
  0.01731606 -0.01182342 -0.0147961   0.02036462  0.02821226  0.00727126
 -0.04900534  0.07341482  0.04448991 -0.00814003  0.00674129  0.01446096
  0.01708798 -0.05057197 -0.00377022  0.04720316  0.02564324  0.03128228
 -0.02722461 -0.00504786  0.045786    0.05452644  0.02953607  0.00478572
 -0.01193589 -0.06208717 -0.03628592 -0.00465869  0.02342059  0.0247609
  0.03027188  0.02366117 -0.00118062  0.01329574 -0.00743662 -0.00587329
 -0.0269691   0.00791989  0.09045167  0.04442967  0.03999536  0.09243592
  0.01355448  0.01782821  0.02436803  0.07674196  0.0823123   0.02249211
 -0.02017724  0.03468582 -0.04132907 -0.02952642 -0.03370919 -0.04573213
 -0.04176355  0.00885717  0.00822272 -0.01520553  0.01921799 -0.00687129
  0.02210603 -0.01115886  0.02957229  0.01794753 -0.0377923  -0.03827748
  0.02782416 -0.01811114 -0.06472186 -0.02440847 -0.06477818 -0.08322027
 -0.07497318 -0.06800949 -0.03993041 -0.07766354 -0.05087695 -0.02553385
 -0.06351426 -0.09314282 -0.00122919 -0.01456591 -0.05780645 -0.13954915
 -0.04561505  0.06638703  0.03758198  0.03343052 -0.09592989 -0.08253482
 -0.1188228  -0.09296819 -0.09117859 -0.10097501 -0.0861008  -0.07792484
 -0.13518602 -0.10803829  0.02772878 -0.050885   -0.00230931 -0.01037827
  0.01389344  0.05814059 -0.00890774  0.04017862 -0.00275954 -0.03070668
 -0.06402801 -0.01231248 -0.07061746 -0.07512991 -0.01772739 -0.04464278
 -0.03455735 -0.05114411 -0.00120795 -0.0377432   0.12948634  0.04157451
 -0.00314861  0.04447026  0.12675785  0.0283335   0.11659103  0.04206322
  0.11644747  0.1100816   0.02381871  0.03059568  0.058752    0.06976151
  0.04870073  0.05171568  0.02296775  0.02366989  0.05270248  0.07184288
 -0.0192558  -0.01729311  0.04026477  0.06437538  0.02741148  0.03144873
  0.03415338  0.01561799  0.02493974  0.06588861 -0.03086847 -0.00735963
  0.07618345  0.02719393  0.027908   -0.03570862  0.05039214  0.06781409
  0.04521603  0.0317748   0.01626888  0.02305061 -0.10010138 -0.09853613
  0.03590444 -0.09412948 -0.09875891  0.03986628  0.02817121 -0.09661312
  0.0229087  -0.04223765  0.05036516  0.00130807 -0.02074806  0.00120376
 -0.01283487  0.01651444 -0.03418447  0.00858077  0.03404262  0.00969198
  0.01722216  0.00525687  0.01488511  0.00285237  0.02064004  0.02747789
  0.02095154  0.00555883 -0.00727779 -0.0120453  -0.05039891 -0.059636
  0.00818396 -0.00261441  0.01446625 -0.03445343 -0.03249483  0.01391586
 -0.00348138  0.02881466 -0.01578961  0.02047491 -0.0003976  -0.00391376
 -0.03497196  0.00138919  0.04110312  0.02080009  0.05413272  0.07171128
  0.0400007   0.0387284   0.05274066  0.05777751  0.05342842  0.03047997
  0.0962474   0.11002537 -0.01796201  0.00220781 -0.04858694  0.00393883
  0.04601135  0.05840853  0.06758053  0.03254684 -0.01490292 -0.046973
 -0.03478337 -0.03975848 -0.03445589 -0.03957321 -0.03316102 -0.03303193
 -0.03053878 -0.03294347 -0.01893451 -0.03505125  0.06908583  0.05759315
  0.03435683  0.03881499  0.01543871  0.04248728  0.02122032 -0.00688601
  0.02786263  0.05292051 -0.05018149 -0.04508432  0.04272769 -0.04777912
 -0.03835514 -0.02490063  0.0252635  -0.06548378  0.05625231  0.04489788
 -0.0474824  -0.05095279 -0.05836554 -0.01528493 -0.00093121  0.04583253
 -0.02433428  0.04490561 -0.02431715  0.00378109]
